-3188
-15955
-13493
7073
-14461
-34
10938
-10608
5438
-937
-8049
7821
-16617
-16741
2710
-17088
-16664
5293
-13290
-7964
462
4036
10163
7837
12588
-18106
12435
-4340
3315
5108
-10560
-9951
-17631
-17054
-11571
-16591
12424
-15445
-2883
585
5841
866
-9696
-4159
-11328
8652
-12417
11540
5562
-2228
-7942
5615
2436
-482
-8656
-16249
7501
6472
-10913
7216
-2833
-14386
-13876
-8660
-3214
6182
10598
12480
-559
-4117
-14938
-10099
-9471
-1066
-11335
-15330
-10960
-9239
-18463
-17986
75
-8211
8217
6028
-13886
-6113
-19976
-9775
-19057
-16857
-12329
-9328
-5003
-1463
-18122
1375
-123
-14113
2652
-8586
1255
9223
-8386
-19450
-3625
-10855
7586
-13620
-10770
-10916
10884
-12571
-9309
-10375
3769
-2588
-19951
7983
-12590
1826
-15365
-5687
-1469
-16811
-8179
1485
-19003
-17308
-18844
-5513
-15112
-1414
-12463
-7323
-10419
-3238
-8358
9364
7203
-2318
7298
-9589
-7632
-9166
-1845
2774
-14813
1310
-6664
-10058
-19321
-5854
1687
535
-15637
6566
-4033
10434
9280
-2845
-7401
-17452
-17278
-1291
6807
5487
6043
-1743
7059
8367
-14460
-72
9077
7136
-4691
-10932
7370
-13586
-3169
-8861
-17152
11804
-18720
9338
12141
4345
11286
1708
-3692
1425
-17040
9347
-15196
8160
-6078
6670
-10174
1420
-8721
11316
4744
9683
11276
-8121
6478
11713
12226
12765
168
3239
-10124
-9509
-15697
7370
-606
-7726
-7035
-15272
-13298
-7537
-4973
8864
3613
-15123
3605
7553
-11393
-10770
11737
-7389
-17390
-2294
9283
-19482
-5628
-10297
-8043
2200
-8391
-4726
-11923
-5909
-13844
7597
-18800
1574
1176
-12847
-16411
-4582
-13031
-12682
7621
-5544
-2290
-11319
-6542
-8287
7555
-3908
-2844
-15970
6093
-14244
9420
-4399
-19020
-5792
4051
2252
1752
2045
12322
7329
12621
2562
3112
12185
7049
6432
-12393
1065
-4736
12169
-2640
11041
11533
-11586
-5951
-19161
-1644
-3935
-17684
6244
10982
4818
-9175
7805
-10396
-9160
-3698
-4411
1384
1246
12751
2225
3040
-14335
-5375
-15732
-6596
-1945
5539
8299
-117
12018
6366
5988
-18208
-14476
9228
4347
12027
8133
-16008
-15651
805
-13037
1636
11985
11100
-17542
1105
-8469
3504
-5164
-8326
-19966
-5395
-15405
11938
-13211
-9094
9293
2063
202
-5759
-17962
-8233
-14969
-2224
-17516
7002
2565
6400
3151
-496
113
596
-3640
-11387
12212
8675
-10676
-1375
-7770
9850
-14200
-18899
-16002
-3140
11679
-6509
-16754
-13813
-9862
4325
1837
9644
352
-10463
12276
6437
-17210
-14924
-9427
9962
2152
6716
-2936
-8647
-104
-6254
-10992
-16573
-16426
-17656
-7330
10892
10914
9967
1036
-8300
-1650
-10659
-4499
-12617
-10089
3629
-18053
-15790
-1355
-16570
-19183
8999
-9039
3617
-7333
-9213
10807
-3195
9866
8350
-1748
-9579
-2356
7106
-12479
-8179
-19333
-14161
9673
5833
-5484
-1089
-8248
-2681
5484
-8634
-6580
-11795
-15970
-7748
-8448
3278
5960
-4578
12542
-11351
9591
-12399
-13339
7026
479
10057
-6869
-18283
4304
-7255
8117
-18375
2405
939
-11867
-8511
2559
10627
-9100
-4199
-12047
-16257
-13504
8751
-4739
-17870
11111
-6081
-768
9937
-11436
-5804
-14231
11485
2969
-10356
-10769
9218
-12738
411
-15612
-10432
4185
-14830
-1404
-19896
-13857
-13342
6963
-8663
12218
9243
8806
4395
-11236
-18182
12032
5627
8466
11811
-3936
-12791
-7844
5675
5913
-19665
-13444
8537
-10717
7315
-15603
10670
-11952
-13618
-15274
-16350
1089
-178
11807
7985
-1255
8952
-8765
9878
-4302
-16366
-11897
-15273
7183
-11423
-15062
-4351
-8046
-18290
-834
5429
111
-18993
12726
9827
6625
-5437
-10689
6358
9116
9885
8916
4337
1794
-5756
8716
3512
10905
5434
11959
-16750
189
4348
6186
-6580
-4462
-6998
-7977
-4254
7997
3880
-13535
5498
5972
7172
10350
-14286
7314
-17319
7805
11035
-14896
-6413
-10502
-10491
-14544
-15437
-12977
-16258
-12644
-6603
11966
-6251
1135
7089
172
-19228
1137
-12257
320
10189
-7415
-12641
-2515
-17917
4782
-7913
-8756
7244
-16993
4894
-18834
12422
-6188
7193
-12304
-6936
-4812
-19293
-9328
-11125
12296
-9421
11774
-11991
2992
-13320
-6217
-17884
-8300
12296
-2162
-15158
-14754
-14406
11147
6615
-12953
5200
-15367
-5061
-16274
-15142
-17221
-4834
-8816
-5545
-16161
-16094
1396
-18660
-906
-9496
-17465
-12934
-16222
-8491
3048
-7781
11760
-3050
9700
-19795
-10008
9953
-14428
8002
7395
-16386
-14747
-9993
4381
-19065
-13207
-1196
-11253
6380
7916
2548
8431
9785
90
6630
-7255
-10084
703
10834
-16688
10274
-8577
-4000
-18431
-11071
8519
6741
-393
-7525
-14013
-12800
-36
11137
8338
-6572
-16545
10678
-4873
-19370
8967
-8202
-14383
-14534
11079
695
-19891
-56
-14126
-14673
-17958
-3323
-15184
-1898
-16163
-8176
-4462
-15827
-16474
-17078
1379
-16257
4515
8377
3615
-12441
8916
1967
3304
11858
4479
-15962
-11177
-7610
6181
623
-8432
-1756
-11340
-8308
-6247
4650
-17922
-17190
-19860
-12357
-11158
-5005
-16822
5731
4842
1490
-12589
-17130
-13523
-18376
1364
4792
-18411
7247
-1056
-8989
3435
-14067
5794
-19484
-3118
12252
-143
-8186
249
1016
-91
7188
21
12568
11305
-7911
7823
9552
6098
8042
-12039
-3530
-17
2278
1095
2372
10018
-12163
-4292
6013
-11666
751
6178
-15277
7312
-9002
-7490
-10295
5011
-15897
-17789
3029
-11105
-18059
11526
3336
6674
5174
2226
-4496
-4143
8010
-11331
5310
481
2169
12122
-9052
-18127
-10307
-1231
129
6842
8704
-13044
320
7370
-9946
4307
5757
-6499
-8882
-6982
-5654
11822
-19627
1465
8690
10316
1180
-8131
-100
-16656
-13300
6429
5041
462
-11177
8911
-12511
1322
-5248
-19748
-3421
8941
-4195
11153
8604
-11784
6364
-12809
7234
1976
9412
-14330
-6911
-10245
-14659
-3306
-10978
-14590
467
-10602
-7014
471
-12361
-15616
10585
-3871
-18170
6412
-11901
-10059
-15666
4389
7467
-721
-10929
5913
6958
-1342
-2
3604
11614
-13812
-16688
4303
6112
8621
9396
517
8147
10842
3937
295
-718
-18131
-14253
5968
9212
1087
-18672
12411
10386
1401
2224
-19212
-15520
-89
-3940
-10484
-18497
-9778
-6506
-5871
8730
-15168
1530
-12419
-3760
-8467
-3517
-7314
3930
-13700
-6960
-9898
-722
-5733
-14359
-12
-6685
-19181
765
-5245
-4843
-7905
-9171
-7887
-17269
-15234
4879
5842
5399
-19001
6315
6870
-6466
-11523
2250
-1928
-19431
-6301
-14223
-5063
-15109
-7279
-4696
-17267
-5035
7112
-11137
2772
-6826
-16253
1363
12427
3030
-15026
-12210
-828
-3084
10715
-15827
-6701
9470
-9901
-10682
843
-1134
5098
2505
-7127
-2301
5814
-19386
5454
-2562
-2623
-13969
-5069
9838
-9123
-6112
-5672
11420
10167
-9572
-13827
-14949
4015
-5094
4757
-5917
-11801
-18560
-18568
11580
4890
-11410
9816
-2850
-5456
-130
-12554
9430
-13169
-18742
-1131
-5205
-15053
-13393
3503
-9406
-17407
-3887
-3352
-9729
12248
-11425
-6592
12077
8682
10905
-11892
11936
8906
-8049
-7385
-14440
-19003
-18389
11237
-1303
-394
5233
-9912
-935
-4971
-15098
-8201
842
-9712
-1041
10859
3737
-12451
-12132
8172
8133
-7666
-3035
6076
12628
-7770
-1325
3218
-5006
-14677
-8478
9289
-7716
6140
8325
-8230
-13828
-17819
10027
1928
4181
-8591
-14335
10074
11810
127
5560
12238
6202
12056
-8824
3788
-15305
2944
-2699
-11047
2263
-18293
-16431
-17779
-8797
11186
2050
6727
-16946
5222
7301
-19937
-19873
-12891
-13773
-15844
-14445
3530
7363
-9560
-3716
-14167
2193
-4288
9199
-2085
-7779
368
8605
-17065
-15401
-2049
-14720
5186
-12134
-2457
-11911
1033
-6794
-14201
-3785
2476
12338
-18788
6234
11101
-15343
-10898
-9000
-5559
5205
9927
-6496
1718
-2046
7721
12670
-13746
6884
-8768
9791
-13126
-45
-16490
-12523
-6541
-1994
-250
11069
-14891
-19258
5747
-6690
-9610
-11371
9530
-3019
2741
3918
-3612
-8465
-6250
-3138
-9055
-17706
-11571
-17517
-10766
5296
-13544
-17564
11685
-11164
-11566
-526
-12794
-9377
9414
-2642
-18604
-7626
11073
-6277
-12430
-9843
-4757
-3404
-9761
-11721
-6442
-9615
11240
12447
-680
-3066
-3812
12134
2326
-8499
5121
-2739
8930
-5850
7941
-15786
11463
-14661
10679
-2010
-14111
-1015
9783
430
-19854
8988
8939
-8694
11571
-4711
-11148
-11607
-280
2050
-1055
2223
10039
-15818
-734
6551
-13894
8503
-17985
-12515
-429
-16848
970
6747
-1088
5815
-17134
1586
-12177
-19889
-2407
10475
7571
-16079
9288
-9954
2167
6220
-18206
10707
-10734
11914
-16841
-3608
-6947
-171
-16998
-7501
-1823
-2470
3220
-3609
3604
-14196
-11814
6844
9445
-8596
-10627
-17846
-17130
-19576
-2207
2870
-3382
-12478
-13584
1169
-3617
-17709
-12529
8189
-19587
6288
-19631
-13550
-17937
-16277
4971
2048
-16718
1468
-18967
373
1740
2626
8991
5569
-11937
-15772
10337
7480
5246
3773
7031
-4137
-961
3800
-3509
-4565
-8174
4408
741
4463
8785
-15204
-103
-14603
11800
3713
895
6855
1878
10983
-15580
-2675
8484
-1704
-19073
-3663
-4522
6951
-14041
3010
-8112
-14602
-1597
-19946
-14308
-2694
-9791
-2124
-12871
-13437
-7093
-4496
-3659
-6858
11126
-5032
-13058
-6499
-18755
-16305
757
-2717
9647
6648
6596
-40
-5404
10454
11505
-2757
-19659
-18767
11828
-11463
-13012
-16069
10374
11441
9402
-10509
-18053
3514
10024
-17590
-19247
-7961
9040
5636
9801
-17974
-1523
-19998
9653
10422
-19728
3710
12627
-1079
-14027
-13962
601
4394
-15115
8908
4049
7824
-2915
8333
-19545
4612
-9570
5553
9729
-4121
9062
4163
-15666
-11722
-18544
-3390
-12894
-4851
-16809
-17210
10177
-17302
9297
-14618
11386
-16588
-1446
-2598
10166
-7300
-16179
10461
6864
2050
-3333
-6315
-15449
-18693
-6443
4534
6642
-495
-11028
6564
-18732
1964
7324
1368
-9551
-9872
6275
-15804
1343
-9209
5944
2810
-11296
4128
-13254
-7094
6703
5303
-13017
-2646
-5928
-7529
-4305
-16164
-2386
-7906
6343
-822
8183
-18367
-9310
6069
-4086
975
-5411
9358
-5859
-13318
-16006
-18524
-424
-6381
3343
-2432
-3026
10389
12479
-8435
6892
357
-2966
2557
6034
-2728
-19423
-5017
12003
2550
9181
-9035
-14664
4734
-1168
-8515
4505
-726
7867
-1234
6286
1459
5666
9774
5939
-3816
-5315
-1727
-8693
-18788
-16944
-15251
12054
-17907
9470
-17764
-14170
-1204
12473
-17087
4718
-8438
8061
2878
8412
-2864
7230
-10490
681
-8638
6303
2046
3246
-17500
5988
11050
6137
-15971
-1238
-10491
-6624
-9157
11605
1712
8149
824
12619
12367
8635
9084
-2080
6833
2936
-15902
1808
-18897
-15092
-17601
-13836
-810
-4511
-14943
7407
7624
-4830
5844
-5591
-2081
3281
-11221
-5570
10132
-6892
12156
-8905
11295
-1456
-10899
-12359
-6176
-13191
4334
-16260
-2
-14295
-14329
-17921
-8370
-12817
-18988
-19334
-8074
-15383
1486
-11243
-7342
-6763
-19381
-10409
-11882
-14876
-10167
-13855
-10571
-18544
-17817
-12452
-12542
4016
-8908
6832
-19947
-2422
-9556
-6794
-911
-17752
-17664
-1103
-9116
-9682
10390
12216
9774
-18838
9553
-13705
-11419
9645
9490
-13353
4503
-10407
12671
3963
9266
-16836
-1277
10669
7585
-2788
-1259
4248
-19528
-11885
3006
-6729
-19630
6430
6229
-3187
-10440
3184
-13426
-19561
1605
-17140
-8525
-3969
-17208
-7918
-4560
-10094
9514
6489
-2219
5236
9169
-8769
-7336
-18926
-9661
957
-15463
5081
-6769
4927
9002
-7130
-9239
-8782
4495
11517
-12908
2910
-13630
-9219
-13051
4854
8315
6803
-15803
-12435
2221
-19857
3479
10252
-2732
5684
-17061
-318
-9874
-7564
-9422
-10053
-185
-5413
5219
-2765
5114
10154
-16003
-14707
3125
5991
4414
415
-14788
-5933
-9548
-18607
3377
285
-9566
11366
-7790
-19883
-8155
-7271
11011
-18909
11415
3564
-18610
-16199
2740
-10947
10920
-16378
-7941
-19174
-15050
6957
-15529
-10794
8655
1589
-14337
7644
-11772
-16894
9115
-4796
-1187
-16252
-12120
-18524
-9754
-10962
-14819
-4055
-13334
-1622
335
-1050
-13569
1739
-6382
7787
-2494
8643
-16351
5274
4580
-12906
-11072
-11850
8166
12494
-5217
4797
-2528
-7311
12290
-17416
-2680
-9936
-15585
-19248
-14671
-17439
-825
-18973
-16494
-13777
8009
-17065
-10615
3728
660
7534
-14688
632
-1381
-9893
-14066
-3635
-770
-15275
2049
-19814
-13850
5865
11930
1287
7216
-4460
-17863
12169
9423
-5231
-3844
11094
-10901
-7952
8578
-2788
-16818
-13592
4085
-10766
897
-146
-19385
-18289
11570
-13050
11707
-8519
-10407
-1062
4008
2817
1180
-6903
-5254
-3410
6255
5185
-17415
3063
-17281
10128
5582
3189
-19119
-7817
-16062
11223
-5594
8513
8522
-296
9251
-19054
3009
-402
-14162
-17085
-2316
3908
4891
2669
8291
7531
4488
-17468
4294
8269
-5883
39
8527
6882
9465
-18315
-6609
-5082
5569
-5215
8795
970
665
-16119
10384
-12503
-19776
-2813
-12908
-3457
4567
-1095
-12352
8789
-3190
-14792
-10309
12608
-17805
-8765
-2424
9675
-6597
-13971
-15165
-4942
-13053
-3609
1831
-1199
1026
-2154
-940
-2469
-17553
12008
-18481
12495
4513
-18711
11851
5928
8565
-8687
-10457
-9515
-12304
-13984
1847
-3608
7461
4526
-5945
-16622
-935
-13508
-19235
-2609
-2202
11150
