500
-3655
-12881
-12166
6659
-14885
-4501
-8158
-17992
3576
-6499
-19667
1522
-3980
9199
7726
-6067
-17781
-8074
-12939
3112
6444
-14282
-7037
-12210
-11253
6121
12737
-1066
-16654
6396
-13711
-17849
-10921
7899
8932
8960
-19404
-5778
-2323
-12329
-6637
4323
5783
-14591
-19096
-8529
-5357
-17358
-1756
-18481
-14348
-4860
3975
-940
-9057
7325
-1226
30
-9732
-3444
-10611
232
8306
-16139
4406
-17019
2579
-2578
11259
4712
9491
-17368
-6440
-16534
-3457
3794
5461
-17720
-725
-15174
3347
-19093
-8979
-10570
-7516
-19347
-1528
-6846
-5985
-7208
9451
-16022
9460
1713
-10724
-789
12414
10293
10863
-14955
-19241
-3486
-4229
4083
-912
-12871
-11186
-10962
-14111
11843
4704
-6097
-7299
12754
8902
9732
7210
-3191
-11352
1413
10864
-18274
-11787
-13769
9423
-9633
-1195
-8592
598
4467
3168
6332
-9615
1635
-243
-3968
-10493
-13479
11629
-6691
3252
8999
3225
8407
11661
-18038
5097
2999
-13886
12464
9318
-4947
4814
10233
1154
-15686
-11067
8187
-15353
-5683
6630
-8248
7246
-13779
11376
-16525
8369
5910
-5448
-1072
-11454
-8025
8567
-2180
-3650
-772
-8088
3357
3772
3223
-749
-10517
-13526
7684
-18461
3952
-15366
-19268
-18561
-4213
2073
-18613
-12713
11707
10913
2222
-16771
666
-15025
-12033
-4169
-10584
-201
-18092
-13358
-694
-5194
7908
-19143
8467
-10839
363
-13370
-15039
-13604
12496
-3113
139
-1082
-507
-11355
-10982
-15501
-3280
-17711
-13867
-5183
-10488
10304
10465
463
-127
-7639
1896
-12621
-18517
-11156
-1382
-14229
-17193
10534
7666
3862
5885
-12414
-12613
-13723
-12198
-6958
-16174
-1204
-12195
-19490
-12115
5629
-8764
-16773
-18788
-2026
3075
1376
-177
3865
6117
566
-4711
-15586
-2187
2030
10611
-1596
8479
-681
-8124
-14995
-12781
9712
-17824
5291
-17430
-4869
-13874
-2571
12684
-6446
-10674
-15457
-13487
-898
10906
-13303
-11674
-2682
-14611
-13802
9075
-11259
7362
-15905
-6022
-18689
-18466
5545
10755
-18699
-1904
-6379
-1162
-3913
-15560
6295
-14648
-19846
-14074
809
-1191
-214
-12796
-19391
9245
-9214
4183
-14336
10491
7257
-19262
-19540
-16526
8127
-9109
5216
-12670
-18872
-14366
-10750
-13878
7976
11103
-14730
-14354
-10880
6219
-5871
-10181
8056
8194
7761
-9330
5006
5080
-3125
-7055
2094
1626
12388
-7544
8578
-3626
-3900
7468
-3701
10269
-6136
-16043
-8591
-4217
6327
1725
-15593
-3784
6648
12354
-525
-9054
-17150
-5236
-7651
-7093
9939
-11279
-16731
-2096
-19931
7317
-4054
-8405
11678
9686
12456
6961
-13753
487
6546
12126
-12737
11450
3105
-18219
-8271
-1244
-3093
-2397
-1021
1340
6071
10052
-4272
4100
-4976
-8344
-8167
-17845
7960
-16905
-15561
-3887
-14561
8530
-13292
-4691
-1676
-15908
11547
-14612
11259
-10823
-17299
-12165
8192
8661
-12074
-10937
-14645
7208
-5377
-5214
-11147
825
-283
-5911
-2822
3809
-3703
-18333
-10354
7762
7914
6509
1077
1879
-976
2260
12174
-5410
10794
-9853
239
-19789
3066
-16290
-329
7310
-18929
-10387
5344
-2480
-13996
-9155
-5676
-4214
3751
11651
-2686
9279
-6515
-13309
3760
-15125
-7900
-7504
-7533
-61
4697
6677
2717
3903
-2470
-17677
-19306
4566
-1457
-7124
4334
3848
-699
-10273
-1198
-12894
-8854
9173