-2718
-8280
3043
-1218
-3722
8359
379
-6152
-8957
-1522
3420
-18605
-7115
6634
-12883
-10771
11271
4317
-11811
4484
5894
5067
9610
2131
-14504
1495
674
8863
510
-8562
-4408
-13683
-10410
-16287
-14343
-10698
-19228
-11431
1135
-10243
-15279
-18426
10693
-14047
-17484
9913
-16547
-15730
785
3827
-16385
-18439
-11489
-13540
-12606
-5845
12623
-17288
-19664
-611
-4855
-7336
-8027
-442
569
-14451
3320
8625
1290
-15070
6749
7762
-1295
4427
-10102
-2278
-15122
2968
-7911
-2487
-241
12142
4910
-13692
-1739
-17992
-3495
-1497
11546
-10534
-4930
8412
-10861
-4890
-13197
11117
2835
-10733
-10199
1494
2417
8043
-6385
-4193
747
8131
-5133
-5528
9322
-1296
-17494
-2362
12040
-6856
4787
4941
-13617
-17657
7703
-19986
-2365
-16157
2963
6020
-17885
8098
-6919
-9815
-1299
-3877
-17708
-4402
7584
-4198
-7605
1163
-11707
8536
-13752
4147
-19792
2858
11225
-12884
5636
-14536
6614
8317
-17035
3697
-19516
2857
-16814
2685
-7
12476
-12990
1011
12545
5283
-12594
-16179
-9663
3264
-12001
10009
-10278
6590
-11511
-2063
-4656
6562
-951
-18772
-7572
2211
11019
4182
6110
-15300
-1360
-10402
-5849
1151
10189
-6257
-12746
-84
-2697
1601
2897
-5118
-2114
4817
-4169
-11307
-6281
6990
-6268
-4127
-7361
10613
-6956
-1058
-15940
-9248
-7125
-18091
-9946
8058
4117
5297
-8186
7478
-14327
8345
-13506
12289
3731
-9347
-12982
-2315
8883
-3217
-9531
-10289
-14208
-971
-10193
1443
1296
-13412
-11027
-8242
-11876
-4081
-2159
-17107
2528
-2713
-164
-2164
6593
-5115
-255
-13471
11826
-6626
-19284
-8261
-4776
-8361
9027
2677
-1556
-15726
-12052
9391
-14878
519
-12593
894
-1976
-2666
-4579
-5917
-5520
-3237
-14767
250
81
-10620
-3914
-16524
-8149
-6049
7465
12615
-12950
-8265
-7136
5796
10957
-5535
-1557
-9942
-6201
-2798
10042
-19879
-8922
9588
10976
5705
-8974
-17800
-5930
-18788
-1640
-14611
2691
12721
-14265
-1454
-3014
-15846
8859
-5144
-19451
593
11129
7180
-12895
6310
6970
8132
1993
-8324
5899
10904
7864
-8779
6035
-5469
-23
9067
8919
-5399
-3295
-8479
-8869
-4117
-11089
-16967
-18806
633
-15118
-4505
-19368
7368
-3811
-10779
8742
11716
-9929
-12888
9958
-6489
-18586
-556
1663
1739
-5012
10156
4723
6588
5490
-2996
3519
-9326
12037
7066
2051
-18562
-5794
-2182
-3102
5282
4582
-10431
-852
-6874
-18951
10093
-8390
11144
-7446
-15981
-13798
-5581
10056
-1896
2285
12628
-18080
-19164
-244
-16663
-6397
-18860
-19086
-6886
-19830
-13649
-42
10957
-16106
5468
-745
-9611
-483
-19566
-2339
-3286
6178
-10673
-7042
12287
-17725
9293
5406
6544
10745
-1998
-15077
-10790
8860
-12538
8872
10832
9253
-1301
1463
-7125
1976
-4600
-8419
6913
2146
12743
8944
409
8351
-8640
-19916
-18178
-7905
9717
1975
-9774
9417
-13889
11322
10213
-14847
2312
-18991
9222
-18138
-7621
-10611
-4071
12383
-18567
-16809
-18070
11416
11150
-11233
7489
8135
-13533
2615
-17481
1140
-10700
-11783
-4921
3704
-16955
-3408
-13400
-9979
10705
-14410
3162
-18970
7044
10713
-12416
520
-86
2051
-6035
9018
-15002
-3301
-13951
4913
-13017
8486
2742
7119
-15400
11186
-16778
10405
-16809
3444
2224
-11850
10537
9008
11306
893
-8084
-19495
537
-6094
1036
-15366
4079
-2486
-9158
-18348
12148
-14275
-7654
3016
-744
8587
-16196
7288
135
-15103
-7602
-11222
-15489
56
-8816
12269
-13602
4192
-10360
-5378
9728
-15301
11638
-12052
2119
-148
-1270
-1285
8443
754
-12075
-826
9557
7920
12030
-15319
-16170
12719
6198
12382
-8227
6117
-12051
9318
2169
-3528
7878
6315
-19076
-7170
7241
-4125
-6191
12103
-2855
4919
-7665
-11747
7397
6565
-15795
2314
-9630
-349
-4551
-9509
12664
11269
1380
4516
2427
-9440
-12832
-15100
7710
4400
-12531
-9814
4323
-17673
3760
6680
11990
11175
9285
-13145
-16773
770
5783
-5428
-5627
-16704
-18547
-8807
6600
-1231
-3513
-7289
-11535
10019
-16535
882
-4491
12038
-19529
12517
-17337
-7346
-8989
1432
-6450
7705
-8030
-19401
10902
-5102
4613
6245
-18874
-17259
-3833
2049
-14638
-8940
-14237
-13912
-11279
-15431
-8792
-11141
-7982
-4788
-6258
-17118
-15094
-11688
-16757
-3055
466
-18551
-1118
-18167
-2193
-8871
-1668
-6174
3825
-11541
-5191
649
11296
-4041
136
7237
-1100
-17560
-16267
2622
-3644
-17022
8323
-705
3201
2632
-1413
-5957
12068
-163
-8317
-9458
10533
-343
-1806
11014
-16978
10238
-5277
7842
-16561
-10756
-4087
-4327
5107
-7630
6210
-12770
-19181
-2939
-4242
-12189
41
-7722
-4351
-7844
-5272
-8737
-1833
9285
-3414
1118
-13368
-6554
-12118
-650
9853
1686
-10125
-16046
3201
-2562
792
-16629
-7781
-18913
1446
-5428
-12452
-2025
855
-2252
10484
-16097
12296
-16901
-16054
-18343
-2323
7129
-6325
457
-1660
-15453
-895
-13664
-1337
-13128
-9752
-5439
2726
155
-2306
-16514
1460
11233
1818
9122
-17119
-2482
254
10421
-9496
1595
-15185
-2693
-10679
-3270
-11387
-4674
3194
-13315
-12674
1869
-11878
-19596
11991
-4027
3558
-9930
-4898
-5489
-17617
-11998
2306
170
-10612
3654
11052
-2133
6732
1280
-13230
8834
5166
-18334
7753
-1410
-5163
-18725
9690
8468
-4746
-13804
-17639
11996
11476
-8679
-7182
-3108
-11154
-7239
-17147
3337
-2826
-19921
-6988
-3317
-5882
11266
7289
-6591
8463
11049
5245
-9211
-5230
-1933
5479
-11983
3474
-11738
-910
9697
-16567
-14874
-16957
-6533
-7910
-7719
-7943
9709
-825
265
11269
-13002
-6428
-18678
-4036
1064
5259
7900
11690
5996
-1710
4370
170
-58
378
1332
3508
-4454
-919
8803
-8331
944
2906
-15557
-5339
4148
-6060
-3842
12053
2817
6488
6638
8071
6687
-7201
1786
-10813
-10871
5252
-11107
-19097
10036
-4355
-3324
-1025
-5042
-9649
-3729
-4395
-17469
7490
6361
6923
-2554
-16621
6619
-9242
526
-8086
-11826
7021
-9313
8331
-5328
307
-10550
-7472
-8888
881
-17225
2135
3853
3671
9634
-3592
8517
-19036
-19420
-8582
9194
9333
5556
-1786
-17711
-16550
-5011
11227
-2674
11439
1554
2884
-8558
-18646
1103
-4921
1430
-16720
-9663
-352
2365
11117
-15559
-3218
-7180
5923
5821
5675
29
8386
7632
-9631
-10386
7738
-12940
-17253
8595
8333
2668
1818
-10725
-472
-9658
-12598
1425
-10381
9625
-17291
-12823
-13913
-4212
-2507
-4577
-15392
9879
-17105
-17126
-19853
-3442
4990
2006
-2943
9179
-402
6850
-12340
10250
-18197
-1433
-10550
10124
-5575
3915
-2824
12468
-19227
-14059
5489
5126
-19973
-783
6079
-10831
11385
822
1777
-10150
12548
-10169
-14611
9499
-14886
-15177
11272
-2868
-8440
-12112
12500
-8575
-7459
1685
-16839
-12461
-11618
-14106
-17976
12132
-5253
-16540
-12725
-10211
-11326
8054
8865
-16454
10323
-11316
-3383
-503
-428
-14526
-16580
3694
11557
-10489
1664
-3285
-2922
12286
-17158
7646
-11432
7012
-2300
-16053
8626
-332
-1729
-4004
-15243
4807
9002
11878
3122
5696
-6156
-11090
5290
-217
-13937
-3796
-18298
-4140
2566
655
-4791
-3313
1808
-19071
7042
-15499
-3099
1835
-14522
8734
-6832
-3844
7389
124
-7162
422
-19012
390
-1738
1898
10675
5654
-5791
12182
-16280
-18288
4460
-16564
-10492
3013
6644
-13948
-12756
-7913
-2847
1620
5171
-5667
-9922
12144
8078
6153
12616
1517
-4728
-3576
11972
-6838
-9929
-8727
-1642
1968
-8530
10178
11408
-8327
7796
-14513
5256
10736
-19147
10461
-6739
8023
-17480
-666
-9445
-7121
785
-10754
-2900
8115
-7912
3693
-14575
-9306
8473
-13538
4642
4430
-4915
3640
4467
1985
-15991
10250
-17624
-6305
-14922
1708
-7926
9888
4737
10467
-6182
-19440
-14893
-18362
2277
407
-3964
3743
-11816
-11010
-19252
10900
-10538
431
10490
-10361
-13624
-4164
-11672
3258
-3596
5155
-13138
-14409
8914
-16815
-3818
-6673
-14054
-8476
4688
-15967
7970
11189
8295
5629
4455
-15082
-14092
-4470
105
-16296
-6254
9669
-11075
-17519
-9583
-18677
6493
-8549
4079
-6216
4162
-4768
-8573
2961
-2763
-12459
-132
-6049
-7454
12357
-17398
-803
3630
7760
9051
11988
-13366
-14029
-9015
9349
5128
-14646
-5550
-12985
-1810
211
-4280
-8847
-15734
12276
-12471
-16006
9604
2048
-18062
-13217
-14342
-1674
-3120
9541
2183
11338
-1257
-18336
-17499
6120
-13673
12051
-11466
-9097
-8085
-19623
9309
-16038
-11788
611
-16494
-771
1158
4739
3830
10702
-8608
-12216
12003
3209
994
-18709
-19256
4025
-2822
-14359
-10188
6268
7904
9714
-19920
6278
-18941
-10494
1746
360
-5053
-3634
-13041
-750
-10400
-17823
-5935
3991
7090
-3577
-13495
1585
12059
-8598
-4729
-10363
-14277
-13317
-9912
-9944
-12830
3987
-19441
-4511
-9525
-13478
119
5169
10631
-1303
2503
-4464
-841
2731
11719
-17670
-10370
-375
-1838
-13270
6710
-5178
-14291
-3290
-10398
-13785
-6505
-1669
-2844
-8104
-10463
4298
-4751
-12405
-15808
-9341
-14783
610
-18143
-3343
3339
783
-15556
3703
-3536
-838
-5588
12313
-11465
-5086
-18498
-1475
-13959
-15480
-9656
4787
4381
1481
-7364
-18700
-9145
7370
-11268
-6745
-6515
-4328
-4880
-16022
-9045
-1840
-3369
4302
-5001
-5187
-8614
-93
4375
6849
10727
1399
-4239
-19338
12732
5465
-10525
4372
-9662
-1309
-17868
6038
-3939
2167
-19253
-488
-1663
-1336
-4065
-5756
-7609
-19044
-657
12397
-14272
-16943
-2125
-15045
-13751
5278
466
2953
6303
-10212
-2795
7371
-18699
-13051
-11300
-16332
9412
-19013
-11120
6615
-8221
6796
6360
-10996
-2729
-6348
-6896
-12779
5228
419
-5129
-255
-10235
-16895
679
-19503
-17872
-11280
-12085
-13862
-6659
-18159
-12020
-406
-9327
1225
-18996
4270
6774
-16059
1559
-17709
-14795
-12869
1750
-14740
-1753
-18957
-15290
-16364
-18040
8967
-12375
3668
-15155
-13977
1340
-4153
9527
-2017
-4504
9339
-14935
11613
5180
-14693
-2121
-11219
-10725
5707
8191
3976
6322
-17196
-836
-18803
-7891
-13567
-17768
-6642
12459
-2359
-13374
-13490
-19473
-9171
-19135
3081
7000
-15004
-14712
-4171
12051
-16842
-4278
11784
-3185
-2394
10127
1722
-3535
-18221
7688
1676
-1462
-2528
8351
7561
-4538
12179
-3245
-5492
-3802
-17029
2371
-8190
2096
-17834
-11256
9713
1252
5361
7496
-8902
-13517
3537
7816
10267
-14356
9170
-13502
7159
11127
-19442
312
90
-17211
-12032
4871
-200
-10105
5354
-7937
10869
-3938
-3213
-3022
-1366
8147
-12651
-12341
11047
9673
-11594
-4958
5940
-8401
-8683
4877
-867
3642
-2200
1784
-14483
1875
6084
-17864
-13575
5645
-13380
-1764
3104
11865
-4147
-15035
210
-16899
3066
-11592
-5937
-19902
4787
-9422
9137
1517
1787
-17476
10285
-5263
-12854
4222
150
-6301
11952
-15656
-3934
-4306
-14404
-16977
10353
-8184
-1892
-17403
10443
-7643
2309
-6707
-17238
3114
3670
12029
11256
-9500
-11144
11492
2969
-11974
-12792
-10818
-12628
-11168
-12360
-8570
-754
6222
6898
11019
-19680
12401
-1089
1094
-12597
6304
-536
2283
-4671
-13743
-677
3134
8453
-19955
5583
-10456
-1619
6433
-19029
-118
-11545
-10345
-10204
-13871
-710
-7580
10918
-14133
12046
2531
8566
12217
-8593
-894
-16491
2725
-6130
-7748
5607
-12043
10120
8519
-17004
1601
-6933
10894
-11857
-8862
-17545
-12191
11286
4555
-8799
3307
-5735
-5347
-9634
-15899
-1698
7925
-14435
-14070
-17533
1288
-2539
-5941
-3322
-11917
4674
323
3810
-14004
-10582
1389
3707
9597
-19611
5269
1340
6098
3804
-14324
383
9808
977
2336
-9555
-12087
-16224
843
10918
-19283
-5180
1707
-2461
8995
12700
-4430
-13862
-8872
-8337
-7905
-13535
-5353
12207
-1747
2263
-16485
11130
-19702
1984
8353
-15002
11146
-11345
961
4478
2077
6057
-10755
-16760
6911
327
-7781
-19318
6062
-3236
-14800
-884
-5215
-13352
-18690
-10850
3895
-16148
-3201
6941
-7442
6511
11842
-8141
-4907
-15231
-10762
-7011
2628
5230
-2875
-14671
-5686
8405
6627
5791
-7833
5129
358
12023
-2821
-6217
-4520
-2453
8447
-11063
-5366
-4393
-17037
-1397
-7252
-19074
3351
268
-12517
-10090
-13090
-17720
-9734
9736
-10336
2435
-14332
-10383
-19953
2680
-96
-16532
4844
-12877
-3146
-9197
-17541
7356
-8254
-3389
-19404
5237
2599
6432
-15941
5701
197
-12455
9746
-11146
973
4014
526
-548
4820
-2257
-5369
-13128
-12249
-5178
2260
-805
11871
-7305
-12298
-4849
7221
12519
11284
-4174
8855
-1765
11944
3748
10491
-18813
5623
-14748
-11277
-4809
-16314
-907
-19967
-2944
-8373
-19193
10925
-1638
-30
-13357
-7210
8120
-17919
-19385
4422
-7863
7406
1251
-7543
5754
11183
-11805
766
-15108
-573
6942
-8146
7431
-10225
-11986
10845
-14433
-11749
-18991
-15521
-5610
-9346
7055
4013
722
-19049
-14179
-8776
848
-19074
258
-10371
-13463
-7622
-1032
-19878
-5676
-15563
-14187
4384
-14867
-3347
-6742
-13207
5812
-13845
4332
5420
-13543
-18951
4433
9614
-14473
4496
189
-3077
7262
3984
-10018
7286
6805
3891
-14508
-3027
-6049
-5052
3350
-1199
-1026
8076
-4847
8484
8054
-15474
-4590
3668
-7789
-11916
-3099
-5753
6189
10824
-3137
-13769
-10325
-16281
-14375
-12864
966
-2765
-6562
695
-8816
-247
-121
7806
-19788
-5261
-14588
12565
4607
4510
-4961
-13517
10527
2318
2076
-13674
12203
-1904
-925
-16233
868
-11920
5601
9985
-9797
-13587
-6101
-10461
10899
-19990
12004
-2268
-18361
-7962
-18974
-11881
-10001
-3026
3212
-13489
-6945
3665
2182
-5259
-4495
-16171
-9327
10711
9989
-4824
-16212
-2173
5445
12761
1151
-19051
174
-18424
-4870
3661
-18868
-2788
-15302
-7067
2756
-19276
2732
-13151
-17000
-289
5236
-14937
8615
11919
5648
8721
12019
-13237
-7112
-10047
-7769
293
-5367
12148
2649
-18964
8291
-3174
-3188
-19806
-2672
-19098
121
-11728
3110
-18143
10511
7769
-19922
4803
-2248
-6163
-5755
8132
-5794
12095
-381
-11472
-8658
-3880
-3621
2042
-4709
10861
-17982
-12910
-11482
11279
7764
-7495
-12963
2466
-19149
-11627
5794
-16240
-16271
-6144
-9426
-6721
-2896
-5338
-12202
-4160
-5497
-8881
-12020
-3767
-16600
9977
9128
-10267
10304
-5078
-13079
746
-225
-1276
5174
-14677
1817
2202
7466
12272
-3284
12290
-17840
7075
-4381
-6228
-8917
-2356
11897
-7951
-14470
-17728
-13758
1519
-7751
-1644
-5817
2453
-9493
3800
-208
-16902
-2665
-14206
8552
9459
9745
7209
-18565
-4380
-6662
-17292
2755
-9258
-7926
8913
-1725
-19766
-8435
-7830
-12333
-15539
3884
-11947
3966
9549
6254
-3830
8744
11051
4991
1819
-15757
-17903
-11857
-8929
6884
-890
5437
9967
-8126
9024
7894
-5610
-5313
10297
-19367
-1662
5467
-14331
1245
-9856
-8956
9570
3573
8167
5378
-13551
-6605
9362
8978
-28
4330
5652
4561
8473
-16584
-14680
-1572
-2330
8772
-15001
1590
-18603
-19771
6078
6122
11090
4548
10014
-13071
10754
-6494
-18699
-4523
-8617
-8612
-2338
2455
2786
12302
1300
-18097
-16408
-13642
-2771
-7918
-18505
4155
12037
-8040
-12998
-15954
-17928
542
-16180
207
-14252
10250
-16566
2771
5901
-562
-8340
4196
-2637
12302
2389
-12566
2722
-4091
-920
-12535
10105
-14811
-6306
-5014
-15923
-2051
-14699
2751
-7138
1376
-853
7169
11017
196
-9908
-9220
8896
-14616
584
-6898
6328
-9798
-3351
556
-19039
-7561
1411
-7643
-3173
7956
-17588
4139
-15193
-16675
-18834
-10865
-677
-3492
6747
-5940
-10277
-19844
-14751
3527
8964
750
7806
2901
-3606
-19508
-10635
6654
-8315
-6532
-3295
12289
-17753
-9768
-2550
-12649
11825
-15989
-6346
-19332
-18041
11454
12610
6572
3393
-16395
945
-10134
8228
-14797
12163
10119
4176
-8859
-19959
-13855
9402
-15875
-7687
-10454
733
-546
-3394
491
-4947
-392
-15855
-312
6861
-10700
9165
-3835
1793
11538
8191
73
-17690
9360
-10435
-1118
-2335
-19761
314
11722
-15019
-18191
-18025
-14679
-12775
-10043
3835
-486
-471
-12890
2149
-11278
-10341
-13152
5313
4415
-555
12245
6330
-4403
-11778
-3809
3792
1263
-19534
-18441
-4694
-6021
-17926
-362
-14163
6423
-1925
4697
-8499
9395
9453
-3222
2979
9303
12495
-10339
-12608
-2529
11097
-11112
-8894
-10108
-77
-2761
-3675
-13604
-7324
-16849
-12837
-10460
2317
-6671
9118
10494
-5289
-15407
-10491
5622
-15318
-17817
-12459
-1271
1056
8501
-13798
4968
-8647
-3701
-7049
11385
-17456
-17752
-12613
-9441
11469
8482
-8652
5691
10269
-4728
-3768
-9613
12383
-4539
-9791
-17614
12512
12487
-16023
1263
9930
-10783
-17193
-11085
-5480
1390
136
-14123
11725
-15048
-5070
12040
230
-18664
-8108
-11367
-2675
606
4626
-10767
12559
-5006
-11968
9825
784
-6980
-2883
4383
-11138
1986
-7934
-1397
707
-8816
-8966
12471
-1217
-10403
10517
-2521
10997
-12181
3224
10709
5764
5679
-13001
12408
11866
-17486
-15131
774
-19676
-17353
2539
1656
-16760
12574
-8905
4301
-15337
7944
-11529
-16559
7805
7740
-5785
543
-773
-7606
487
229
-15080
-6930
-4015
-17177
-17261
-18378
5257
5191
3995
-15385
-19882
2691
1858
-3554
-1168
-1473
1072
3891
-38
5189
4500
-7966
-1935
-12342
9313
-18259
8134
12275
-9546
1404
3369
663
-12387
10375
-14842
-953
-10503
4469
-1675
-10869
-19014
-6715
6668
-12945
10835
-18578
-13833
-19138
-9874
3778
-12981
-5746
-3362
-13416
-2408
-9092
8917
8618
-15938
5433
9047
-19396
4353
-14138
494
5375
-16289
-4101
-4704
10804
800
-306
8478
-16364
-16464
8402
-17090
-13968
-8790
7934
10155
5013
-17867
-11600
-15909
-3726
-18797
-13839
3138
8701
5367
251
2502
-2606
6039
-11015
-2190
-2019
5635
5133
11374
7867
-843
-12649
-18897
-14948
-5399
-12875
1259
-1684
-7505
-11514
-17328
-10894
-16578
1460
-907
-1864
-6773
12465
-18671
-10644
-7398
-18880
-6933
-6778
-4332
-9032
12177
-3157
411
-10108
-7347
8017
-2726
-18577
-17067
-17115
-6304
4383
-5566
11433
-14034
8414
-14141
-8158
-9970
11425
-15213
7089
-2905
-8894
-8792
12224
-1585
-5103
12206
-19809
10656
-13941
3507
-657
-15922
8553
1572
-4032
-16329
-8227
-7432
-16010
1212
7192
-1493
-9103
-15024
3087
-7570
4973
2126
-6785
-8163
10406
6416
-12242
7793
-3392
10941
-12939
2295
8295
7522
-18181
-9920
-8397
6469
-14653
11482
-5682
-2954
8809
-18560
-16040
5798
5032
-6770
5642
-12484
-13280
696
8986
-11866
-15786
-18182
479
-13331
-16899
-1070
-18378
-13427
-1676
-19538
1572
-7037
-881
-16992
-18755
-12633
5274
4953
-1980
-4804
3483
12117
-109
-2874
4312
339
-1347
8987
-13159
1800
5875
-16963
-14033
-8940
7588
-13721
3893
-9163
-4888
-18970
790
5819
-12513
-8918
6608
-13764
-2603
11421
-13577
6536
7146
-13900
-7172
8927
4847
-1341
8367
-14750
-16430
-16107
11523
12488
-13634
-9924
-3055
-430
1597
5542
-8096
2561
-11872
-14479
-3740
-17146
-1376
10624
-13756
-3462
-7611
463
7649
-15537
-5881
-4861
7187
-12665
-6604
2118
-15307
-11869
11921
-4783
-16155
9567
-4540
-19254
12549
-3428
-9743
-3375
517
-19554
-1244
-7722
-16539
-10889
7151
12205
-1163
3523
5588
8420
-19104
-18282
2020
-428
-8088
-11597
-18391
246
-3981
-7169
9282
12280
4039
-4555
1357
-6896
-7662
-19494
-13558
-5359
-1875
-5260
-11716
-5444
-9183
-19721
-9645
6616
-12565
-10368
-439
-8059
11644
-15035
-19254
-5939
3972
-19508
7063
-13188
3696
-7588
4652
-10959
-10959
-1870
-6239
694
-8896
-8204
8142
-13427
-801
10219
5042
-13365
10913
-13204
-3818
-10710
6700
-4329
-8851
7001
5694
-9915
-16385
-9322
-17426
-9669
-2234
-10625
-1227
-10844
-616
-4827
172
5694
-16121
10851
-4969
-18221
-19834
9582
-1245
-15509
-12211
-3412
492
-17216
12158
5834
-6462
-10254
-14072
12297
-3155
2172
3531
-13864
11310
4711
1534
3752
1992
-5443
-50
-13316
-19009
-959
4424
-833
-12768
9309
-3719
-12837
5121
-932
-4908
-12025
11530
-15655
-1836
-11808
-3531
-1673
10978
316
-16943
2771
5752
-5445
-9523
3255
-10617
-5985
-1741
-3439
-14826
2525
-13325
-15325
11308
7795
-19486
11387
-8463
-8707
7170
-2778
8720
-9085
-5372
-15967
-15265
-15978
11787
7952
-16190
-2661
-8013
-17358
-6579
-18074
-2478
-8811
-13400
-9205
2174
-7674
4536
752
-12593
-5300
-18053
-18393
-15387
-234
4404
-19717
7085
-19407
-823
3785
-4383
-16386
7529
-7150
-16434
-2012
7281
-2099
-17318
7298
7569
-2814
-7867
-664
7211
-7020
-7505
-11770
-18437
-10401
-549
-11484
-19203
-2430
6194
-4588
-19829
-4610
-12405
9189
-8762
-6783
-8279
-5926
9016
-1156
261
6170
9144
-2437
9422
-12375
-3955
8374
-19921
-14185
-11562
483
10448
-136
8745
-5297
-13153
-16108
-4486
2605
-16688
-4257
318
-3026
10274
4779
-1583
-7598
-10139
2844
2325
3581
-199
-2468
4189
-7091
-7656
7569
10121
939
-19561
-116
-12686
-18528
-4120
-13501
-12920
-6422
-7516
-8574
2489
10192
-17977
7389
-12395
-4430
-13827
-19735
-9808
2788
-6116
6572
5704
-6723
-1039
-4527
-4056
-18454
12351
-3552
7884
10504
-7163
-14674
-15930
3443
-16128
-17839
-13471
-18856
7025
-18217
-381
2066
-224
-19336
984
-13645
3489
6920
-9684
-5920
4566
11122
9753
4323
-4939
-16543
9443
-5125
-16565
-8896
-14688
-8202
-2559
9829
-19556
3842
6431
-2679
-16133
2497
1678
-16004
6304
-6245
-1822
6166
6222
-18088
-104
-14991
11277
2542
-13157
-1195
10192
-7785
-1267
3316
-7084
-217
-19643
4824
9035
-17507
-12268
2841
-326
-13320
-5811
-13869
-6240
-10932
-6268
-12841
-2088
1812
1301
-12895
6976
12234
-8087
4235
-11237
-75
884
-6080
7860
-4605
1154
-8590
-18363
-3049
9268
-5424
-13034
4900
3269
-15054
-11799
-10245
5778
10263
3222
-11999
-18982
5970
4083
11045
-2622
-256
12022
-6352
9372
-16707
11038
-8226
5480
-2792
8718
4172
6811
8004
-388
-11917
7712
-7920
-4023
436
-1379
2328
12273
-13645
-1545
9533
4390
-1687
7448
-17580
10424
7285
4336
-1509
2488
-9037
-2887
-2447
-8739
-15344
-10880
-14138
-8922
-6499
737
7888
-5951
8674
8466
5503
-13012
-6540
7203
-4300
-4198
-16438
-8061
-1490
-5480
3660
-825
-17596
-8720
10157
4263
12506
-2610
-11909
11593
-15858
-4831
-13836
2755
11826
3908
-11492
-18725
4223
-802
-3060
8464
-13305
-18425
-7027
10207
-3092
-17492
-10523
2879
976
8756
5105
-6034
-884
8035
7540
8943
-18139
-11905
-13649
-8492
4092
11698
4914
-4039
5188
2992
-1039
-7151
3001
5273
-9574
1573
-4977
6433
-7386
2137
-2135
4846
-19537
12081
-15604
-10942
-11647
10133
-14189
12505
-11661
-5679
-13084
3861
4472
-12832
-19806
-14248
-14991
-19222
3557
-17999
-13499
-5109
3047
-8772
-5068
11350
768
-4925
3432
-9190
-16684
-14295
-563
-2717
-9013
-19191
-10717
-19004
-13119
10778
8018
-1196
-13825
-19242
-19715
-3337
-8086
-17957
2649
-1057
-11781
5265
-4288
-7086
-3985
-9715
-15487
-7251
-16576
-15563
-11653
-2647
-3629
549
-7958
-1315
6643
1746
-4352
-15740
6782
-2323
-8008
-7807
-19874
-8949
103
-1376
-19525
-11518
3987
-9185
-17553
11158
-9719
5741
-837
-8363
-214
-4047
-2760
-16193
-6778
-9330
7440
-17494
3244
-12123
-6291
9189
12607
12636
10034
-10468
-2227
6750
11242
-18949
3805
-15004
11005
-18282
1735
-8014
-14038
8713
-15927
-28
-10191
5979
-15914
2538
7376
7593
-16975
-14254
12529
-15488
-19269
-1083
-10718
-1654
-2806
6613
-13243
-8595
-14406
6134
137
496
-18552
-6199
10393
-7328
9628
2209
7699
12082
8359
-11712
3643
-23
-19922
-8991
-11791
9786
5670
10876
480
-17298
4288
-2747
6905
2313
-10618
-14475
-14560
-2903
-17753
-16306
7716
5936
6031
10841
-3339
8229
9659
-14605
273
7768
-19252
-3321
3648
-5435
-1318
2333
-11135
-17733
-4598
9364
-14268
7486
-9117
10795
3801
-6231
-18979
-17977
-18135
-10856
-17221
-4752
5796
-8188
4123
2460
-19334
4016
-15156
688
-8946
-12604
95
-1084
11176
-584
-13695
8870
2153
-12428
2184
3362
8325
12470
-10421
-1151
11948
-16717
-18633
9296
10185
4353
-16737
-4765
8175
-9548
-14764
-18919
-1136
9928
-15242
5856
-16143
-19521
-13943
-17924
7642
-19830
-11317
12677
-2670
-4947
-4923
-4433
2827
5535
-15071
-16817
7001
-13457
-15685
-4454
-920
2733
-19205
559
5103
6536
9057
5208
-17760
11828
-5535
-11636
-8286
-11121
6770
12089
64
-10493
-12958
12737
-14365
11950
-6676
1986
-5059
-16704
-4724
-17509
6600
-8411
1170
-19412
1135
-1435
6262
-7715
-3958
-15672
-11157
-17183
-14320
-15683
54
-1860
4104
-13188
-16063
4354
-11711
3307
-3605
4962
-12477
-14914
803
-13596
3205
-3357
7221
12399
4833
-8419
-4893
-15218
-3772
-5137
-6728
-18829
-10326
4283
-13671
-963
-8630
-10965
-11363
-16266
-13043
-13616
-12257
-14112
-2235
-13815
17
-17807
-100
-2521
6034
-8548
6218
-13106
8387
-12846
5004
-15202
12247
9033
-10159
-16621
7530
7676
3894
-11862
-17644
-11533
7092
10822
-18883
-11068
-19048
4817
7475
-2982
-18764
-10202
-17799
-267
-3883
6191
-17821
7538
8181
-17590
-12577
-18227
-13135
7410
-14954
2020
-19715
10139
-15308
10877
278
-6179
7939
-2677
696
-9515
-577
-11091
3218
-1079
-15706
-6920
-17417
-10998
-6194
11510
-8490
6175
-14661
5614
6124
287
-463
2662
4920
2399
-5561
-8729
-8529
11597
-7491
-7680
-17614
-13924
-19569
-13171
-1603
-11358
970
-11462
-18207
-3842
7839
8258
5748
-19843
-11594
1149
10631
-2497
-9275
2713
-10088
-19179
2656
-12377
-8183
-16594
7699
-15142
7377
11251
1454
-16756
-4238
303
-1568
-2942
-13525
-10893
9735
-10383
-14994
-3655
-11449
-8255
-18028
-18873
-13863
-18032
-11056
-14634
-9050
-3590
7777
-15884
-11499
2456
-12276
1959
9505
4166
4810
-11437
-16978
11818
-3138
11485
-18659
-16910
9577
-2799
-14818
-9124
-7903
4417
-14651
4348
-833
-1489
8161
-3014
2201
-19922
-3959
-2406
2480
-6525
-17417
11584
9258
-16367
1946
-14413
-13822
10038
8038
4833
-15874
-272
-2961
11619
6881
6980
-13898
-12029
-8478
-2336
9026
-10885
7006
-5121
11123
-12160
4298
-2931
660
-2305
7915
-19061
11439
9127
-16055
-9802
4517
9895
12257
-157
-15491
-15687
-2022
-16978
-259
-1185
8698
1235
6775
6252
-19046
-8740
-10522
711
-19241
-12931
-14534
-8596
-8885
-8644
-15889
1459
-14724
5588
4324
-13867
12370
-9764
-11413
7340
5583
1956
-14692
1978
-10246
-15520
-6160
5229
5404
-15736
9739
2465
47
5502
5080
8807
-13164
-19342
-11813
8709
516
-11389
8643
-5826
-13111
-15834
-10177
-3885
7726
-9780
8467
-12983
12596
-16449
-13973
8173
-14458
-435
1135
6422
-19793
-18135
-8681
-4182
-629
270
-12223
-3613
-13829
2725
11777
4947
-18723
-13143
-9928
7206
-7620
-14007
-2456
-8792
-9277
1742
4806
4103
7032
-1155
-3951
-17063
-12121
-3905
-4701
-8736
7451
8575
-18362
2445
4244
6100
-14776
-7484
-1930
3552
-15790
7775
-10305
-10760
-7307
-13067
6971
3588
-7418
-13988
-8709
8745
1196
-3988
-11773
-7514
-6985
1542
8515
12540
179
-5291
-9527
2130
11837
2644
-16332
-6889
-3050
6801
1900
-12311
-1674
9008
-7024
4022
-93
-8654
-4048
-14559
6593
-7944
-16963
295
5868
11778
-18883
-3838
-11644
5117
2883
-5811
-8504
-515
-10721
-12694
-16985
6407
-18606
2081
7122
-3374
2629
-18807
-15850
-2610
314
11820
12521
-6554
-17022
-154
6723
-14974
-18448
3342
11695
-17327
3471
-2472
-5471
-2747
1168
-10246
-4854
1631
-8826
10382
-6102
-12116
-15146
-19400
-15451
-1776
-1944
-1144
3802
-8638
-2653
-1630
-16784
12312
-15463
5532
-6095
3077
11646
-15577
-3812
-15648
351
5746
-7755
11238
10000
-12469
-11104
10499
9063
8072
-19602
-16307
-9305
12453
-19017
-4399
11583
11438
-10647
6291
11701
-12705
-19617
-17968
9949
-17269
2870
-17018
9038
-19270
-12964
7479
7958
-14058
-3991
11753
12461
-19064
691
-16783
-16856
4126
10524
-5391
4783
-10064
47
-13920
-6095
11203
4972
-11063
-18090
7341
-8481
-18921
-4170
-1286
3832
-10481
-15800
1807
-3434
-9506
-10211
-9715
-11419
-6827
846
1272
10346
-11470
10291
11033
-10532
-14431
9429
7072
-2762
-19710
-13146
11918
-15222
-18707
-13200
-5934
-11240
2931
2700
11186
799
-13913
-10412
-3219
-11021
-16546
474
-5857
-13488
12338
9435
-13340
-17682
10189
-16402
-2752
-12715
-16028
-3839
-833
10995
2177
-7674
-16680
-5012
-10490
-16662
-13545
-5583
-11153
-14393
-644
-1196
-1449
-11430
-14562
11419
-15811
-10825
-5613
7379
-8055
-16581
11412
-3226
12490
-14397
-14499
9520
-18622
-1509
4947
-1137
-9308
5050
-17815
4537
-16100
3244
-4156
-17325
-8304
-9265
-3298
3903
-15834
-13502
-7320
-2635
3846
-3813
9395
4245
-17311
8280
-8880
-12549
5810
-6631
-12746
-2796
-957
-6388
2725
1329
-3597
12584
-11511
-16614
-2760
-10850
5921
10661
12128
-8436
-7328
-9593
-4580
-2060
-17004
-3991
1342
-10898
-19259
-3265
-574
-17895
10336
3797
-18933
9559
2709
-9302
-10384
698
8701
10754
-15113
-4679
3712
823
-6304
-8792
5494
-10928
-1434
-12825
-1780
-812
-16575
-18855
-8471
8417
-18321
-6121
2578
5496
-11596
8806
-5109
-18405
8032
-3097
-11968
-1382
976
-17394
11427
4138
567
-7979
-14699
-3913
-97
3250
-11510
9851
11050
2246
-19736
6608
-5474
1879
-6991
-12478
-4064
-3456
-6046
-13335
-8896
4903
6811
5110
5942
9264
-13569
-2165
12395
9712
4574
8656
2876
1509
10514
7747
6650
-4444
-13274
-14257
-8139
-11246
-7234
-9951
6458
4055
50
1975
10202
8720
-6275
-4295
-19603
-5564
-17834
12173
5655
-4966
-2916
-986
74
-2231
-13065
3356
-2676
-17329
-18499
9858
1659
-19610
4370
10740
-5106
-10188
-19884
-6545
-6115
6338
-2378
6757
3876
2095
-3286
-9199
-8380
10662
-6779
-9207
-14198
-6259
7901
-18926
2676
2815
-4810
-15305
2737
-14467
-14242
10269
2345
12000
-14826
-367
-10947
8594
6514
-3741
-6064
3838
8579
7031
2438
6725
-13517
-3303
-8501
-2253
-13713
11921
3864
4977
-4468
-10505
-9743
-8196
5603
-695
-14285
-12587
1215
-14917
-9716
-9989
9082
-17074
-10677
8342
-6174
11684
7898
885
-4639
-7405
11912
12730
862
6392
9228
7380
11102
78
-441
-11602
-9105
5247
-4662
6438
-442
-19847
-8296
-8767
-5465
9733
9517
-12899
-2683
8532
-8769
10663
-16277
-11557
1219
11021
-8934
3426
-13901
3063
884
-18857
5391
2162
-8552
-4505
-8542
-5204
-19121
10320
-18170
-665
-3673
8688
-18838
-7256
-13347
-3166
2707
-13137
7296
10699
3617
-2772
6612
7344
1812
-8528
1141
-1397
-9586
-13726
1852
-18467
3034
-13325
-12698
-9723
11438
2260
6643
-12270
8877
-2138
-12467
-12842
-6608
-19470
-12758
-8901
7750
-17894
3251
6619
-16902
8079
-16666
-13622
1748
6981
3385
-12618
5282
-3484
7808
3635
-10633
7489
-1776
-6064
6389
-18292
-219
-12946
1480
5835
2689
-942
-17293
1542
-5290
5496
-6065
7620
-12698
-1878
-2096
10551
-12695
8402
-9973
436
-19281
-3571
-8331
-4762
11526
11776
-18706
-10686
-3874
623
2046
-4803
11691
-6645
12638
3517
10891
-18548
-17734
-2738
-3799
-11520
-6987
9111
-543
4451
-1490
-2420
-17627
-6545
-14655
-10523
-13281
4277
-10607
2254
-5481
4077
-7355
-2848
-9192
-10869
4689
-688
-15794
-7277
-6025
-19610
-13645
-12883
5773
305
363
-12164
896
7034
-13461
-3284
-18535
-12298
-13343
-6326
3327
959
-18224
6873
-13954
-2555
-7429
12450
1414
6913
-2811
-11573
1143
9003
11734
5035
-7653
685
6721
-12067
-18060
3351
4579
-13165
10425
-1708
-1202
-3795
-10597
-7715
7015
-3317
-9012
5420
-3060
-15201
-17470
-13708
-2566
4294
-17479
3727
2542
12120
-8457
-712
-19189
-14339
-13997
6778
-9092
5955
-16136
-8088
-5030
2542
11367
-10993
-6704
8848
12731
-17239
6269
-8871
-9423
-17388
2841
1583
-6937
-126
-10404
-19199
6116
-18063
-741
-7079
-10663
3550
-3915
-10703
-17114
-16971
-5971
-17656
-352
9869
11928
-12491
-9582
-5486
-2246
-7558
-10366
-11070
1516
-548
8501
-12963
8000
7090
12405
-3434
3816
9725
8209
10639
-15148
12023
-11482
-17532
-12901
6127
-12131
-11449
10780
6739
-2059
-4372
-13723
-6385
-3262
6597
12244
-12267
2678
657
-1413
12349
-17440
-15888
-6711
1360
-16910
-6886
-1945
-4001
-12729
4305
-5279
4186
-3611
-12140
3206
-5410
2751
-6634
8209
-10419
-6530
11502
1417
8228
10880
-6512
9189
-12663
-16095
636
-7948
-11228
11322
-18763
10236
1840
-7960
-907
-15454
9426
4239
-15073
3849
-12887
798
-1163
-15810
12454
-6508
9483
-8748
-10210
-18493
-18437
-1589
-13027
10323
-1829
-1097
1278
9739
-2836
-2019
-13000
-6324
-4972
-15583
10619
8414
-15857
-2978
-10244
-14096
-16287
-7658
-4083
2905
-12657
-10357
-12560
-11484
-7410
2732
-14611
3404
-13444
5364
-15198
2244
7310
-3184
-8549
6074
-8630
-11584
802
-10723
-14218
10367
-18344
-18083
9040
-7578
8837
